NACA 0010
   1.00000	   0.00105
   0.99994	   0.00106
   0.99975	   0.00108
   0.99944	   0.00112
   0.99900	   0.00117
   0.99844	   0.00123
   0.99776	   0.00131
   0.99695	   0.00141
   0.99602	   0.00151
   0.99496	   0.00164
   0.99378	   0.00177
   0.99248	   0.00192
   0.99105	   0.00209
   0.98951	   0.00227
   0.98784	   0.00246
   0.98605	   0.00267
   0.98413	   0.00289
   0.98210	   0.00312
   0.97995	   0.00337
   0.97768	   0.00363
   0.97528	   0.00390
   0.97277	   0.00418
   0.97015	   0.00448
   0.96740	   0.00479
   0.96454	   0.00511
   0.96156	   0.00544
   0.95847	   0.00578
   0.95526	   0.00614
   0.95194	   0.00651
   0.94851	   0.00688
   0.94496	   0.00727
   0.94131	   0.00767
   0.93754	   0.00808
   0.93367	   0.00850
   0.92969	   0.00893
   0.92560	   0.00937
   0.92140	   0.00982
   0.91710	   0.01027
   0.91270	   0.01074
   0.90819	   0.01121
   0.90358	   0.01169
   0.89887	   0.01218
   0.89406	   0.01268
   0.88915	   0.01318
   0.88415	   0.01369
   0.87905	   0.01421
   0.87385	   0.01474
   0.86856	   0.01527
   0.86318	   0.01580
   0.85771	   0.01635
   0.85215	   0.01689
   0.84651	   0.01745
   0.84077	   0.01800
   0.83496	   0.01857
   0.82905	   0.01913
   0.82307	   0.01970
   0.81701	   0.02027
   0.81086	   0.02085
   0.80464	   0.02143
   0.79835	   0.02201
   0.79197	   0.02260
   0.78553	   0.02318
   0.77901	   0.02377
   0.77243	   0.02436
   0.76578	   0.02495
   0.75906	   0.02555
   0.75228	   0.02614
   0.74543	   0.02673
   0.73852	   0.02732
   0.73156	   0.02792
   0.72453	   0.02851
   0.71745	   0.02910
   0.71032	   0.02969
   0.70313	   0.03028
   0.69589	   0.03086
   0.68860	   0.03145
   0.68127	   0.03203
   0.67389	   0.03261
   0.66647	   0.03319
   0.65901	   0.03376
   0.65150	   0.03432
   0.64396	   0.03489
   0.63639	   0.03545
   0.62877	   0.03600
   0.62113	   0.03655
   0.61346	   0.03709
   0.60576	   0.03763
   0.59803	   0.03816
   0.59028	   0.03869
   0.58250	   0.03920
   0.57471	   0.03971
   0.56689	   0.04022
   0.55906	   0.04071
   0.55122	   0.04120
   0.54336	   0.04167
   0.53549	   0.04214
   0.52761	   0.04260
   0.51973	   0.04305
   0.51184	   0.04348
   0.50395	   0.04391
   0.49605	   0.04432
   0.48816	   0.04473
   0.48027	   0.04512
   0.47239	   0.04550
   0.46451	   0.04586
   0.45664	   0.04622
   0.44878	   0.04656
   0.44094	   0.04688
   0.43311	   0.04720
   0.42529	   0.04749
   0.41750	   0.04778
   0.40972	   0.04805
   0.40197	   0.04830
   0.39424	   0.04853
   0.38654	   0.04875
   0.37887	   0.04896
   0.37123	   0.04914
   0.36361	   0.04931
   0.35604	   0.04946
   0.34850	   0.04960
   0.34099	   0.04971
   0.33353	   0.04981
   0.32611	   0.04989
   0.31873	   0.04995
   0.31140	   0.04999
   0.30411	   0.05001
   0.29687	   0.05001
   0.28969	   0.04999
   0.28255	   0.04996
   0.27547	   0.04990
   0.26844	   0.04982
   0.26148	   0.04972
   0.25457	   0.04960
   0.24772	   0.04946
   0.24094	   0.04930
   0.23422	   0.04912
   0.22757	   0.04891
   0.22099	   0.04869
   0.21447	   0.04845
   0.20803	   0.04818
   0.20166	   0.04789
   0.19536	   0.04758
   0.18914	   0.04725
   0.18299	   0.04690
   0.17693	   0.04653
   0.17095	   0.04614
   0.16504	   0.04572
   0.15922	   0.04529
   0.15349	   0.04483
   0.14785	   0.04436
   0.14229	   0.04386
   0.13682	   0.04335
   0.13144	   0.04281
   0.12615	   0.04225
   0.12095	   0.04168
   0.11585	   0.04108
   0.11085	   0.04047
   0.10594	   0.03983
   0.10113	   0.03918
   0.09642	   0.03851
   0.09181	   0.03782
   0.08731	   0.03711
   0.08290	   0.03639
   0.07860	   0.03565
   0.07440	   0.03489
   0.07031	   0.03411
   0.06633	   0.03332
   0.06246	   0.03251
   0.05869	   0.03169
   0.05504	   0.03085
   0.05149	   0.03000
   0.04806	   0.02912
   0.04474	   0.02824
   0.04153	   0.02734
   0.03844	   0.02643
   0.03546	   0.02551
   0.03260	   0.02457
   0.02985	   0.02362
   0.02723	   0.02265
   0.02472	   0.02168
   0.02233	   0.02069
   0.02005	   0.01969
   0.01790	   0.01868
   0.01587	   0.01765
   0.01395	   0.01662
   0.01216	   0.01558
   0.01049	   0.01453
   0.00895	   0.01346
   0.00752	   0.01239
   0.00622	   0.01131
   0.00504	   0.01021
   0.00398	   0.00911
   0.00305	   0.00800
   0.00224	   0.00689
   0.00156	   0.00576
   0.00100	   0.00462
   0.00056	   0.00348
   0.00025	   0.00233
   0.00006	   0.00117
   0.00000	   0.00000
   0.00006	  -0.00117
   0.00025	  -0.00233
   0.00056	  -0.00348
   0.00100	  -0.00462
   0.00156	  -0.00576
   0.00224	  -0.00689
   0.00305	  -0.00800
   0.00398	  -0.00911
   0.00504	  -0.01021
   0.00622	  -0.01131
   0.00752	  -0.01239
   0.00895	  -0.01346
   0.01049	  -0.01453
   0.01216	  -0.01558
   0.01395	  -0.01662
   0.01587	  -0.01765
   0.01790	  -0.01868
   0.02005	  -0.01969
   0.02233	  -0.02069
   0.02472	  -0.02168
   0.02723	  -0.02265
   0.02985	  -0.02362
   0.03260	  -0.02457
   0.03546	  -0.02551
   0.03844	  -0.02643
   0.04153	  -0.02734
   0.04474	  -0.02824
   0.04806	  -0.02912
   0.05149	  -0.03000
   0.05504	  -0.03085
   0.05869	  -0.03169
   0.06246	  -0.03251
   0.06633	  -0.03332
   0.07031	  -0.03411
   0.07440	  -0.03489
   0.07860	  -0.03565
   0.08290	  -0.03639
   0.08731	  -0.03711
   0.09181	  -0.03782
   0.09642	  -0.03851
   0.10113	  -0.03918
   0.10594	  -0.03983
   0.11085	  -0.04047
   0.11585	  -0.04108
   0.12095	  -0.04168
   0.12615	  -0.04225
   0.13144	  -0.04281
   0.13682	  -0.04335
   0.14229	  -0.04386
   0.14785	  -0.04436
   0.15349	  -0.04483
   0.15922	  -0.04529
   0.16504	  -0.04572
   0.17095	  -0.04614
   0.17693	  -0.04653
   0.18299	  -0.04690
   0.18914	  -0.04725
   0.19536	  -0.04758
   0.20166	  -0.04789
   0.20803	  -0.04818
   0.21447	  -0.04845
   0.22099	  -0.04869
   0.22757	  -0.04891
   0.23422	  -0.04912
   0.24094	  -0.04930
   0.24772	  -0.04946
   0.25457	  -0.04960
   0.26148	  -0.04972
   0.26844	  -0.04982
   0.27547	  -0.04990
   0.28255	  -0.04996
   0.28969	  -0.04999
   0.29687	  -0.05001
   0.30411	  -0.05001
   0.31140	  -0.04999
   0.31873	  -0.04995
   0.32611	  -0.04989
   0.33353	  -0.04981
   0.34099	  -0.04971
   0.34850	  -0.04960
   0.35604	  -0.04946
   0.36361	  -0.04931
   0.37123	  -0.04914
   0.37887	  -0.04896
   0.38654	  -0.04875
   0.39424	  -0.04853
   0.40197	  -0.04830
   0.40972	  -0.04805
   0.41750	  -0.04778
   0.42529	  -0.04749
   0.43311	  -0.04720
   0.44094	  -0.04688
   0.44878	  -0.04656
   0.45664	  -0.04622
   0.46451	  -0.04586
   0.47239	  -0.04550
   0.48027	  -0.04512
   0.48816	  -0.04473
   0.49605	  -0.04432
   0.50395	  -0.04391
   0.51184	  -0.04348
   0.51973	  -0.04305
   0.52761	  -0.04260
   0.53549	  -0.04214
   0.54336	  -0.04167
   0.55122	  -0.04120
   0.55906	  -0.04071
   0.56689	  -0.04022
   0.57471	  -0.03971
   0.58250	  -0.03920
   0.59028	  -0.03869
   0.59803	  -0.03816
   0.60576	  -0.03763
   0.61346	  -0.03709
   0.62113	  -0.03655
   0.62877	  -0.03600
   0.63639	  -0.03545
   0.64396	  -0.03489
   0.65150	  -0.03432
   0.65901	  -0.03376
   0.66647	  -0.03319
   0.67389	  -0.03261
   0.68127	  -0.03203
   0.68860	  -0.03145
   0.69589	  -0.03086
   0.70313	  -0.03028
   0.71032	  -0.02969
   0.71745	  -0.02910
   0.72453	  -0.02851
   0.73156	  -0.02792
   0.73852	  -0.02732
   0.74543	  -0.02673
   0.75228	  -0.02614
   0.75906	  -0.02555
   0.76578	  -0.02495
   0.77243	  -0.02436
   0.77901	  -0.02377
   0.78553	  -0.02318
   0.79197	  -0.02260
   0.79835	  -0.02201
   0.80464	  -0.02143
   0.81086	  -0.02085
   0.81701	  -0.02027
   0.82307	  -0.01970
   0.82905	  -0.01913
   0.83496	  -0.01857
   0.84077	  -0.01800
   0.84651	  -0.01745
   0.85215	  -0.01689
   0.85771	  -0.01635
   0.86318	  -0.01580
   0.86856	  -0.01527
   0.87385	  -0.01474
   0.87905	  -0.01421
   0.88415	  -0.01369
   0.88915	  -0.01318
   0.89406	  -0.01268
   0.89887	  -0.01218
   0.90358	  -0.01169
   0.90819	  -0.01121
   0.91270	  -0.01074
   0.91710	  -0.01027
   0.92140	  -0.00982
   0.92560	  -0.00937
   0.92969	  -0.00893
   0.93367	  -0.00850
   0.93754	  -0.00808
   0.94131	  -0.00767
   0.94496	  -0.00727
   0.94851	  -0.00688
   0.95194	  -0.00651
   0.95526	  -0.00614
   0.95847	  -0.00578
   0.96156	  -0.00544
   0.96454	  -0.00511
   0.96740	  -0.00479
   0.97015	  -0.00448
   0.97277	  -0.00418
   0.97528	  -0.00390
   0.97768	  -0.00363
   0.97995	  -0.00337
   0.98210	  -0.00312
   0.98413	  -0.00289
   0.98605	  -0.00267
   0.98784	  -0.00246
   0.98951	  -0.00227
   0.99105	  -0.00209
   0.99248	  -0.00192
   0.99378	  -0.00177
   0.99496	  -0.00164
   0.99602	  -0.00151
   0.99695	  -0.00141
   0.99776	  -0.00131
   0.99844	  -0.00123
   0.99900	  -0.00117
   0.99944	  -0.00112
   0.99975	  -0.00108
   0.99994	  -0.00106
   1.00000	  -0.00105
